-1.256637061435917
-1.250903024149255
-1.183998854114047
-1.061313720017074
-0.893999602815765
-0.698131700797731
-0.493360712324332
-0.301165307697520
-0.142854954150515
-0.037502558255667
-0.000000000000000
-0.039425766371343
-0.157892317745306
-0.350002925161983
-0.602996426174184
-0.897597901025656
-1.209528874397802
-1.511568025478864
-1.775998281171070
-1.977233812364952
-2.094395102393195
-2.113594764941844
-2.029712321338365
-1.847472031140833
-1.581691604981740
-1.256637061435917
-0.904494639261275
-0.563048183956232
-0.272723094287347
-0.073219280403922
-0.000000000000000
-0.080926573078020
-0.333328226351203
-0.761771072411373
-1.356741958891913
-2.094395102393196
-2.937427266394662
-3.837057295446349
-4.735995416456185
-5.572204380301225
-6.283185307179586
-6.810472020368164
-7.103993124684280
-7.125963548686070
-6.853996954920876
-6.283185307179585
-5.426967835567654
-4.316702743664452
-2.999954037160819
-1.537604888482367
0.000000000000000
1.537604888482367
2.999954037160819
4.316702743664452
5.426967835567654
6.283185307179585
6.853996954920876
7.125963548686070
7.103993124684280
6.810472020368164
6.283185307179586
5.572204380301231
4.735995416456185
3.837057295446349
2.937427266394660
2.094395102393196
1.356741958891915
0.761771072411373
0.333328226351203
0.080926573078019
0.000000000000000
0.073219280403922
0.272723094287347
0.563048183956232
0.904494639261275
1.256637061435917
1.581691604981739
1.847472031140833
2.029712321338365
2.113594764941845
2.094395102393195
1.977233812364952
1.775998281171071
1.511568025478862
1.209528874397800
0.897597901025656
0.602996426174185
0.350002925161985
0.157892317745305
0.039425766371343
0.000000000000000
0.037502558255667
0.142854954150514
0.301165307697521
0.493360712324332
0.698131700797731
0.893999602815765
1.061313720017073
1.183998854114047
1.250903024149255
1.256637061435917
