00000000000000000000000000000000
00000000000000000000000000000000
00000000000000000000000000000000
00111111111111000011111111111100
00111111111111000011111111111100
00010010111111100001001011001000
00010100001111000000110001000110
00011011000001000010001001100100
00000110010011100000110100110011
00101000010100100010100101001101
00000110000000100000111000010110
00000110000000100000111000010110
00000110000000100000111000010110
00000110000000100000111000010110
00000110000000100000111000010110
00000110000000100000111000010110
00000110000000100000111000010110
00000110000000100000111000010110
00000110000000100000111000010110
00000110000000100000111000010110
